20
848937385843 8 7 17 19 0 5 6 2
962024073147815594 9999991 1 9999991 9999989 129999884 899999187 979998923 129999859
33104500 9999909 9999991 9999949 10000000 329998318 499997447 650000001 490000002
905104693315080537 9999909 9999991 9999949 10000000 649996686 729996274 470000001 920000002
1567487689 9 123456 18 10000000 865981936 625209438 350000324 390000765
21226979124954459 1992450 782255 2704224 4505616 370983767 153300418 852618302 706520016
763526783810179646 741864 167766 7315499 3851100 922855524 89780690 441276473 271986168
86974256 123456 557 9988776 1025 729181302 409540566 403985 491394225
991127410199121019 123456 557 9988776 1025 39955758 719192622 152456585 350827775
1511881142 123 1 10000000 10000000 1 850000000 360000001 470000002
1433256560 9999909 9999991 9999949 9999991 979995003 749996173 139999875 249999775
80933573 102400 15000 9699690 9748872 989369349 872975008 916394050 370457193
859373750084 8 7 17 19 1 16 6 2
567365141997043401 3960606 1985068 4125828 5630794 76825921 901167353 889742167 772908548
523223149082128364 158568 991720 2994044 1181676 376610494 650869357 336623539 620070320
982749972374309079 999999 12347 9699690 9748872 698378649 601383688 389954903 155982009
967702028973969107 1 10000000 10000000 10000000 840000001 670000000 40000001 19999998
274467416870917042 7270184 3005711 7759177 8197657 803826746 672879876 877174079 68314903
967137226678506093 9999987 1 10000000 999999 90000001 639999998 26999974 440999568
299896237124947938 681206 164538 2280874 981991 416793690 904023823 813682336 774801135
